1370293
1850
6856269
4771848
6557386
33526
3213146
6856736
6863163
4973374
9393382
6858478
423471
6862926
6859357
9869
2669017
6855993
1657604
6859276
9805941
6857839
7871885
6923402
6856127
6856130
6856310
6856743
6858093
6857052
3373079
7180204
6866630
6861215
6871699
6856182
6868640
6939617
9254464
2329841
11284407
588052
6857953
5280029
7062211
6874786
6856590
6857089
6856534
2816339
6858585
4111412
6856988
5195189
7370322
489958
6856163
6864182
6856292
4095655
25729269
6923845
4626771
6859167
3836387
6882545
6954951
24515397
3060691
6859253
5464829
11978515
27357475
6859203
10588096
2666675
6866796
6754604
6888061
6859085
5893173
27
11739878
3824785
3384997
1476044
6859671
6638525
5407584
6859603
7684186
6861411
6859318
6859020
6993153
6858135
4650907
8596821
24714686
5941109
6872266
3421676
2545715
5800192
5808083
3563656
6856666
537829
9561
4218320
10451722
6856111
6856737
9685213
7389497
10576967
6051270
6859243
6770339
7026798
6855976
28316939
5000254
23741321
6095538
25171928
3693985
6861877
1770953
28100498
9023710
10720756
6856810
6949306
37332
10117101
6857883
7189360
2666558
5635894
26095454
6856600
26204289
23954906
11997486
6863654
5099041
5413792
26964680
4483779
6857415
6871210
10722089
1247520
2981528
4361024
6858371
7247539
6871651
6856924
6859938
6233509
6142328
7959237
2119302
7099409
7248638
6858761
6856517
2830521
11112108
7973867
362001
23133713
6859083
6856373
6876650
3115642
6856039
6874705
3576562
11619773
3584665
26170000
7035284
192743
6872420
6856209
7041863
6864048
6861651
5975836
6874169
6856591
6859823
25914888
6859518
409
6856325
7177125
27350239
7124597
5465987
11526504
7553476
5005663
2140873
28057400
5527736
6861268
5519488
12059493
6856794
6821293
10500087
7593237
7414568
9226743
4732091
11247776
6715126
6859154
6858086
6866196
6855999
6868240
71171
6858455
4371098
6860575
2985755
6889133
5408918
1545612
12060748
7365810
6148844
6860132
12455
8124734
6856660
6856548
780027
6070552
7611703
25080149
5799187
6858871
6755267
10405952
3389408
2404884
237
28974
6944488
9817827
6113223
6856012
6862771
6659922
5187103
6857479
6856315
5278431
6861483
6910743
6243825
8938496
5678924
6856357
11752812
4450023
8840272
6856510
5709
6862920
6857159
6862052
2346351
4886473
5269300
4550433
7333375
7572417
8449579
6865355
10767678
6866116
8740498
7891057
24427108
11672469
5446303
6965383
6858656
5480047
7835510
6863289
25300503
8291124
6857555
3341926
5265312
9074928
6856348
7135825
2710
6857977
6969980
6863855
5355059
6858061
6458642
7048177
6436192
8960386
6856422
751
6865283
5209458
6868123
8848323
1669706
11307018
3229727
7473504
2000973
7008303
3665951
7760667
7304389
11934326
1810147
4999751
6857352
8191849
2527424
4501411
6860251
9048185
6864127
3620611
9143717
6858100
5932966
6859162
9029535
8131858
6914535
6859622
3800356
6856143
6859494
4700621
6866300
25052068
6863116
6859939
11130052
6856748
7089574
6857735
8294259
977
6858408
6927231
3831369
6893156
6868808
4568316
5195824
6862353
5285649
1585446
7161988
10792578
2539870
6856793
4420877
1978066
4225944
7292435
6860525
6858085
6861316
8073896
13035539
6747231
10522133
5907680
25144145
2685196
6873594
6981492
7154713
6869584
7307770
6860975
4916361
18119780
8956378
7218891
5762866
6856592
6612107
184
1799923
318488
1563722
4313382
4670182
6860917
6857821
6856013
3951856
6891233
6870559
2833384
11779732
6856383
6904164
6856568
6858781
5964926
4524432
5689677
7808941
7344394
7497360
24620101
9548738
4996113
6860457
2600978
6884319
10013102
6863032
6858930
27077521
7389477
4608373
10760784
5159487
6929190
11322459
275018
7183270
6402998
2246292
3179482
133
6857497
24485429
7564110
6865064
6858597
6752852
13916
6857382
6860769
4687912
10372980
6477526
3829853
10185723
1542263
7943199
6858606
9574809
6856767
6862953
26504649
6451936
25887426
24758301
6869033
3979264
4964443
3868565
6876864
4237961
6860106
1298641
6867599
6103891
7390111
5318315
6935883
5116295
4774130
125441
8438467
6887480
4991087
8937568
4982022
6866867
2750957
6856971
6887664
6856247
1251940
6857491
7343462
9167719
5981038
15859057
8046660
11132712
25176446
6039090
6709318
6968593
7024978
7113019
206
5297638
4125336
6865834
5784592
2302874
2992090
6672278
7802587
12086839
8995965
165841
8607238
11707935
3243188
6868212
9399
8125437
6955053
8291307
7701651
4825041
6928436
6864446
6856555
7597306
6860238
6862848
11160476
12023660
6860281
1251279
7308886
4447632
3698400
9284586
4735401
6858886
3624290
9923278
7855357
4563585
6925898
6875976
6753956
24223269
6256043
6856826
9488901
2803493
11318066
5549282
6858426
5746810
7555746
8017444
2717761
6863109
6901922
13273711
4940872
26658536
6858456
7229294
6894225
6913758
4875075
6857861
6874170
6857611
2760012
3490401
6868869
7002879
6923788
7001490
1276845
6858053
4465964
7128822
5010274
2607043
10510084
7065520
1720725
7402668
6856198
5702176
4168527
3199038
6856035
7380896
6858183
8257320
9060460
4530653
9686972
6410625
25764029
1014189
12002377
7983693
8147327
7574635
7812613
6859422
26307626
6859286
4592793
2255070
2353004
25307930
6857397
7107282
905597
6857594
7217060
26284966
11472302
6880885
7067207
8952402
6855996
7644330
74
11156924
27871393
6905283
7941269
4881160
6860890
6857016
11109760
6858154
5754920
12185558
6861253
6681474
10060090
2576853
7739422
7763491
895813
2796704
7019515
7011328
8486406
6864871
6858865
6867285
10580792
6857499
3389733
5698029
7687030
6882458
8302444
28330778
5030632
6859371
11227123
7192004
3092904
27010538
4056975
6859763
7822650
7950225
7720875
3972300
158959
8214988
10998428
6884647
6857515
8565788
6858626
4416413
6262392
4210463
22592080
6857919
7605046
4551681
6858312
25458022
7520163
6998130
27020841
5669569
5064462
6856749
5969542
5500524
4415207
4961622
4217798
6863660
6959224
2625984
4524582
6135450
6952318
6857723
6857079
1419610
8225039
8267643
6533819
10260673
1016179
6861689
6650284
2524251
6860764
4684249
8566974
6892417
26024701
10566418
6869423
6868269
4772540
27791949
3987739
2203853
6863782
6870412
6864015
1325489
6871393
6857461
6908322
6864594
6899491
9316422
6058399
6027315
6863897
5090364
6528969
6863007
6861604
3831879
10611898
26050378
4899455
6924393
6856374
6918908
6941261
5644226
7035636
5096904
1205405
6870975
5491984
6015996
12752139
6990924
4564082
6857293
6645469
6862753
7077183
6167062
3105505
8462843
26778369
6941530
5009454
10607666
9850181
6856211
4267709
8154330
2787343
6856497
2476807
4221096
7686357
7513297
3968855
7959637
4240296
23946766
7836910
6858209
6867813
6856399
11982099
5320621
9158539
8617268
5512027
6856791
5973354
6859718
19226
5251470
8354813
6857320
3684919
11604290
24320506
25576730
5660659
4168662
6861768
3758691
5025202
5108601
11133658
7346790
9793609
2073109
3021154
6868337
7655174
9518172
4998464
6856961
4915333
10483089
26831102
718735
3840529
4168347
6934530
6444583
4061093
2770752
7132533
6858217
6960249
6960249
26357624
6487091
3892526
10229490
6857813
8463685
11806666
6909147
6909707
9170488
6918883
5422165
11270948
7636632
22434961
6920315
4596057
9629427
3338986
6118844
6889022
6115700
6858239
6858857
10681622
8945939
8163933
8336631
26850572
2849949
4220499
11908897
6468553
25522104
26348037
6319746
26071072
7091474
3303072
4222176
26014394
26562618
6859683
26224471
6199781
6471509
11431133
6870804
6861039
25362475
28387047
6064599
8154272
5022103
6970874
6877779
11177527
6866282
6874689
3320907
6879869
9986003
955715
8029558
10373936
8093612
6101713
1961215
9576339
2981231
6863242
27096195
11323269
25441181
4786260
6861260
8088989
6857927
26898915
26109223
22912901
8992089
8395159
6128333
6861329
4329064
10631360
9315063
7168732
6858796
4245579
8260569
3010902
5663354
6858955
7262787
5913920
6862928
2876689
6862928
25510407
6859619
9189104
26335619
25983352
9896660
6090639
10935622
6864974
6857903
6860922
4459412
6863385
26465952
6856598
7133669
3671949
6900295
5977479
7971002
6856865
6960030
6856738
7033942
6890555
6858126
8709012
6886254
6909324
5306468
384521
7818909
24129016
7784001
10864876
6573744
6856196
6856763
6861071
25627990
26749725
10558116
6894081
11713730
5698466
27218383
12074432
6972720
9538200
